Аварийный протокол Объекта №426|2|6|2|2|2|14|9.6|353|60|4000
Обитель проклятых|1|8|2|3|2|16|9.9|1038|60|6000
Dead Inside|2|10|1|3|3|16|10|61|60|5000
Астрал|1|10|2|3|3|16|9.9|510|60|6000
Бессонница|1|7|2|3|3|16|9.9|784|60|6000
Мясная лавка 2|2|6|2|2|3|13|9.8|517|60|6000
Дом восковых фигур|1|7|2|2|2|14|9.7|295|60|5000
Проклятый дом|1|6|2|2|2|14|9.7|366|60|6000
Ритуал|1|8|1|2|3|12|9.6|439|60|5200
Амок|2|6|2|2|2|12|9.7|442|60|5000
Эпидемия|1|10|2|2|3|14|9.6|248|90|5490
Парфюмер|1|6|0|1|3|16|9.8|209|60|5000
Пропавшие без вести|2|6|2|3|1|16|9.6|864|60|4300
Одержимый|2|6|3|2|1|12|9.8|358|60|5000
Идеальные создания|1|7|0|2|3|14|9.8|26|60|5000
Rage - Resident Evil|2|7|2|2|3|14|9.8|44|60|6500
Маяк|1|6|2|2|3|12|9.7|410|60|6500
Падший|2|6|2|2|2|12|9.8|294|60|5000
Фараон|2|6|2|2|1|16|10|9|60|5900
Ada|2|7|2|2|1|14|9.6|245|60|5000
Последний дом слева|1|6|1|2|3|14|9.6|352|60|5000
Потрошитель|2|7|2|2|2|14|9.6|78|60|6000
Ферма Отто|2|6|2|3|1|18|9.5|639|60|4300
Зов Кэти. Перезагрузка|1|6|2|2|2|14|9.6|133|60|3490
Сайлент Хилл|2|8|3|2|1|16|9.5|230|60|5900
Мёртвые души. Том II|1|7|2|2|3|12|9.8|283|60|5500
Дом исповеди|2|10|2|2|3|14|9.4|252|90|4000
Хищник|2|8|2|2|1|16|9.7|12|60|6500
Insane Paranoid|1|7|2|2|3|12|9.7|260|60|6000
Шёпот 1.0|2|10|2|2|1|12|9.5|400|60|4000
Поставщики смерти|1|7|0|3|4|16|9.5|390|60|6500
Пожиратель|2|8|2|2|2|16|9.6|151|60|4000
Твари|2|8|2|2|3|16|9.5|190|60|4000
Остров проклятых|2|8|2|2|2|14|9.3|246|60|6000
Логово смерти. Way Out|1|6|2|2|3|14|9.6|174|60|6000
Сияние разума|2|6|1|2|3|12|9.4|95|60|6000
33 несчастья|1|7|1|0|2|10|9.6|24|60|6000
Проклятие монахини|2|6|2|2|1|18|9.4|150|60|5000
Дом теней|2|6|2|2|1|18|9.5|56|60|5000
Sinister|1|8|2|2|2|12|9.3|150|60|4500
Форт Боярд|2|8|2|0|1|12|9.3|176|60|4900
Заброшенный цирк|2|10|2|2|2|12|9.0|9|75|4000
Птичий короб|2|6|2|2|3|14|9.1|9|60|6500
Темнота. Глава 2|1|10|3|2|2|12|8.7|84|60|2900
Заклятие. XII|1|12|2|2|2|12|8.7|48|60|3900
Нечто|1|8|2|2|1|12|8.5|56|60|2900
Хардкор|1|9|2|3|1|18|7.4|14|60|3500
Заговор в средневековом замке|2|8|4|1|1|15|9.7|517|110|6000
Тайна заброшенного приюта|2|4|2|2|0|16|9.7|347|60|4500
Иллюзия обмана|2|6|2|0|0|14|9.5|261|70|4800
Агент 007: идеальное ограбление|2|6|3|0|0|12|9.6|294|60|2300
Мысли как преступник|2|6|3|0|0|14|9.4|456|70|2500
Психбольница "Аркхэм"|2|7|2|1|0|16|9.3|121|60|4500
Астероид|2|14|2|0|0|12|9.2|62|60|1200
Летучий голландец|2|6|2|1|0|15|9.2|71|60|4500
Тайна заброшенной почты|2|7|2|0|0|14|9|96|60|3950
Куб|2|10|3|0|0|12|9.3|283|60|3900
Тайна заброшенного поместья|2|7|4|1|0|15|9.5|373|90|4500
